$ANSIBLE_VAULT;1.1;AES256
30373465633461613966336336373231663365356564653336383035356336613931623636306464
6430633465323535346437333763363937313661353033620a633038383134623265623739626132
30366263623239323064376362376465343830313533373865633131666364656435653435623739
3266336235356261300a356661333238653364653063363764666564353731323364393733626231
36663666663939316137333732646334613261636266623165623530346565626230613237653030
64616638313737346530383230653663623534396631323063396332386535313136386534323132
63653839396563653765633731656430663965303439393536333931386335333736663765633862
32666137363733343732376534333862613831643630316533343531313434646330346265623565
39666162363463343562636539396631356532636431353263386135373332393162323832373335
65336366336537343937366665353432396438373735306239323036306336643134393235626535
39666265643865326533613464613964636437333637613966623934643739306266343738306239
36323061323338376432323730393666383161326232666165636230306333623639653765623763
33306564303635333536643764343238366662653139383036386663383932323131663433356138
32393661313136323932363862656639656130656633616166326439623364353430343938643634
31316637663934373163306638356365623037653935393566376338343439333865616532653766
66383332623238353230366564353639363134386633363662663130323266613637383335316436
64363730626437323234656132376438663364343438316337663065353238353335633131633363
64353737616464393261363865386564373537313366656266663335333464646535393864326338
61336136373631323361366535653033373533323635343066636630623832666633623564386639
32633966303237653231393539343639356133396130313134393165303962646137353931656466
31366135623035363964363138623063313332323536373831643565613438393138666136623266
36336536636561356531623039376366383837623138613336356433376464383138333538373130
35636432396363643239653436663833363935383836373165383463653765613838636662633934
35376366656131316463366634336530613833323836643561623433333230313633333239313831
36363932383639353739376462346539383364613930353030643036376339663437633962653635
34366239626162653339643866643861663936613561623765316530666663353433646638643862
32653232303361343264323531633563626434626638313865373434373133323132393539653834
35303139323031663966636437313162376466616230646534663462343637386139343333653962
36343735613730343763613865393463346461353137373065653033323031373265323031303965
33343864623830386432303234303638633031323132646261343261646133643264366339383335
30373832303161333231643232386233653762326638383266616237636538343361363632616662
39376462636664643739393039303439653266363138316562393964303736646438326330303833
66653933333362396266633362313666323033666432616461373538666333383065316437343533
64356165356466663533373034376537313937316465613663626135346262393765613838626662
62353838613634303664386166623365653065353238633938353836643766613762313435643933
63623265326561396631356333373837383930376132656233623832643031373338656534366661
66363836306233343934393736306363336537303237356236396333333034393465333435353431
66313135643431393166613463643536343336363331303433323030316264373732343766663735
35316337386161333662373366643562663463303533623364373437353561366133633466313534
30353334343533666536623530316531616439313235373135343865363339656639666437303036
33643839366665646464373937613639326437356264336561613635643366353462373035306535
64346463333832323333646233336237346238393432306261396335663132626264633534643664
35616361326662663235646333616666663864343730373534643131313630346332623666623534
30313164313833386635306536653964636631376436363630373361626236353661313834356537
61373834346366306131613731646264653030393165646634333564373465316439643863643134
64326464323962656237316534343538363938653165653439626262633432343435396336316530
37313531666436336662643137616435353534326336643761623130633361323730623666343733
35653565343830306139336562633131363832336330313561363938343234366463616336373936
35373738613231306534326633653635333633613064346661623432356532623636633535313365
37643530636632663961653261666436353836323836663863626239643335373939646138393665
32333633313935353362303463646434363861633836303763363332643161633030653232383637
66623639633136656634666366623838636630383161343462653864633666646264393239363834
38343736393933306635643337333832653261376432623466663635346263386661313361373165
30376236623537373435333062333436666237386264323864313263366266383563313734313466
33363266656136623433396631313435653662333430396561333964323166346366373563323636
35346530393134313833393966353961653131336334353937626563663662613364396464306136
39313637323764323861333636383735336234353761343732336437633432373165396434306361
30326435353161666431336137626130356464663732383539626637313533333131663436313565
32396538373430343461646466613337313839356162393961303265336663346334646564353736
61663230373161333239323437613065643834393439663931373438326132376533306530653764
64643630656637636264356262363665626339383865306139326262653264313039303339623766
38373966343631373633373431316430653561633266326331316433323863633232643133623639
33306130353331616132613138613236653737303439323437393461373932656361303465613637
65656264373266656234346637656366333139323164663834343435353137633436393233363666
32383165323838613436303535343231326535393233326465316137663063353531633931656637
62613231303466323765376366633734333531393236396466666365663230343730396230616266
33316337636233336465386164643033333237363563623138633139623766653961633930383865
32316562363238653762623634356234366130353263303134633963396462303433633839356331
63623333653836663661343734636135306263333430666239656163353465353562323336306434
61626363666438633234616330663638333836623866663235363934363432333732343036303664
35373432643331306138386663353332376564616537373735323731313962303134613666386263
64323164326532356133636362656135316139393533303937363436303464326338643563323135
33363237623065366537346361656534313236656238303463333436643737323361663031653138
65326535343861303731653064626564656365373161396261376633313630636631363637363731
34316532346530386537393762623635653166303265613562663561643538613162666463613662
31383432316437366461363731623661313939363361363631646262376365653366356535613732
64346362323136376435373637353131636463626236623766336231346437306531663232383766
30643034366361303438633764326631643862313361303765393230623935643437376230323965
34343664303039353738643036363862373532393965366531646536393631383032383266323736
39303561633065323863336532643137656632356662326639383763356566303265393962656363
37636465323032353766346665343230303938653833343735333535396139343932313063613830
63633333353866656563646434383337626435333964633062316135323535383239623762373764
64646631346235336538386533613034663161613334613566303831383365653037393237343336
35373533396664613065656232313463383634323963386139666231616638616362343966333262
65653162623534306165623137346531323862366664396164623337656132386538306665666133
32616631666234393934653832363434346135346634663064346138663866643237316231393565
33326265656238396463316437633866366433643064656461343862303036666463663236336664
62326238336438643765613864393463646563313861326364633334666138633938633934316139
38383566623161336434633366313033316664326566363339633931323937323136383230303339
33393939623364386533386463303239653766666665323834303930653238353764326365313165
38623730316264613738326231353236613463653164386537653862323664323832396136633235
39346539343239616136336165333962646633663738306535323466643030313136653465366339
35363031626166653135393832636431386566353962363435313663616539623937623663653339
36356339663231646132393664383635333337333532303231393464616236383665613865623735
38303464383335323331353261623961633830323538316633613832646530346633346265366663
61393536343737643665346136383861626139303462343166656264663433613161376163643565
36623035366337653763636233376530383136623130303334633537386635393833336135303537
38316462643937316337303862323333626437663861343363363033303733383762383835653933
61623366366139326134306263356130343736646261313838613563663239333666653936303632
61393862303936666135653864356635323433393363306437656138623837623062663437336336
64323931643364336432323638336530323930393432366137313861633062623066343530306639
36633163383432626365656437643032633236353764313463363034656337336637316236353661
38383731646635396563303735353835613532633836386333363232303764626664386566623838
63623533626534373939613530326262366139663932386364366638656163376634383630323130
36343332633633383664643035333135353564626333663032613934646433353639393864363165
63326465373837313235303832353138643063663234303164343839343465633830653165326664
62643262376639353733643862663636383935653965633330656235383965303638666362346634
38373164643562613039616533643232333831363036306565623461343961363633623734646664
35346232633936306432643063343039353735366564663965366636333933343032323431623831
65633736653764383730633237663261316364343133323639333032346438386464666239303233
66376139643031643163636661373335626161346166353465323035326366383761663237336262
37366635313137323237343030343331303236366633383931656334303232363832316438343034
64356634336635663738613535653730303762333639653130353637613830363062343036623533
63393237356433383134616565353435336561363231356231643065646132663036333730346238
63613938343863663964656437386430633862383030613665333036323734383837303665326533
65623637643639626663656336323438626265303361346630313261626361393765376366613730
61303664613234353434626538343633656435663931643735323032623935323063373366366636
35323534306633363462636633343834626135616337303237346166383264393736383362636235
30313864373135666532303837643030653330343235363039353731616665306264396339613436
62633762316633656463353331346338653539363033326337373533643039663235366565323936
37643261663063396439623865633865663537323831663263623236653230323562303564343134
62343230666636653766346135343736623336386537383137313962666130353566356266396661
64366531646138343533363732643163343261633262633635663235373366663063343933313366
64663136386235653563373561383233663838356361323737646434343263633037656336303761
62653631386666303337306439343435343837643537363462626636616138616162346139323165
35376437663464383735633631663631356230373735333663623035383033303966613862356362
32306632323465333034613864303537633866313737663761353532346639616437393032393933
32303337326634343564396632623835393433393634633965343334396334633837643334373233
64313233626434666161663234326132353033383830383966636135356438303063333935333166
32386130326665313531656637306166353435393062326330653230326235396539323132623765
63346536366337313635623031333036373263333861666364633737633836393435653962313931
34636432636131653963636632636530396664643534396230393430646436626563326661383032
35363336636164326663396363613763356132353535373761303539666336623436663634323837
39333832646165613664623537343037326435333832663963336562326362613132346337363764
62663862616135313732383465383634393930396339306639643939646232353264316533353761
35653766336238336462626631333663653633363838356264336637313933623230626130326239
64336533326238363165376662393865363734386234353132363561346666343262306363653635
32346263633566616530623434656434613363656134666262373030366361643163643230613438
66336133376563373337643633316231356361666638383866656161303838313039346433336164
66353461303633343938386261323232633764343662633534356336323965636532646261336365
32353038623964353262613336326239376562663865633233356532313065303161396161333835
61326634633661366132623436613265303735346466343234313631663663346665373661383639
37633135346466393531653237623432323735366234643464613339643661633535616366373938
66306336366336663837656233663137626139643763363639663661386138313737313561626134
33306233656631643865386635616438346137386233666533373265313564623362383062393062
61343732316433666362663033383338353931353064353039343062626530353732326161653662
66326230303236653834393136663661313361343130306538643534653935656531363766626330
63386564643865353335643562323833613766326435303131306435303938373531303566393965
37633939386231383736616163613335356461643566306662633533356336303433376463663834
65356136613665366236303038663239663462623334386532353435306361663438323563383066
62313665376335663464396463306364616339356366373336343130393036306236333031363532
37363930383436356365356665316439646437653536346563313363323138633139313131643430
32393632326134393131653834653830373966653966303761366432336430393765373033613564
37323733633631303537653030626362623438616233653963343830386263396136376430323133
39626538396366346362353264613461376263623061643130363230363961373939333934653635
31336638366232336665666130363433393030366637306637386362663264663532666162653165
66616333636561653939393539393934646461396366626532616437336131653564616461343635
64626632643033393135316630313362393237666632383939393235333530616531633564343335
65326337333932303766363564643563623864393735396439613636303162303836653437346230
63616166393133643264663438393064613465613665613634353864633434643563643562336332
65633836306236666166343035666134396231356239346366323462336131613334646539313038
39396364623931313537633463623736316363643037356233316337613035366436626534373866
31666330633538643463626564316338323835353062356534313364356661333362623566396165
32323636396537366461316136656661613233313764656332383435653965313064616362393931
37343739383165303938343664343863653135333863393239306161346135616332303638316433
33333961306262356366336566626665376233623335323434646531313739633666306432376664
39303338363365313738623630393063653638653531346432316465643939613330656232353438
62643830336632323934653136383139336137326338376434656139653433333563313438663862
30376565663438303765666637633939656165396237356230333138373966616232373962343430
65386666653731653236336234646163396338303035333462313932386265393065303631323764
62653466313761353230353431313866373137356534343631613463333530616132626363613139
30653538653933633461346532666363623332626136366537323938306263663738346535393731
35656465356536346664306538663133633438653531313432306538633763333163663032373539
39326163626266393932383538373262326166376137663035373734666235363539366536616461
61386233613531643430363464616633353166376134623539363837653038666130393933303732
66313937636166366333
